# x_weld_sorted  (mm) y_weld_sorted  (mm)
68.700000 29.800000
68.700000 29.700000
68.700000 29.600000
68.800000 29.900000
68.800000 29.500000
68.900000 29.300000
68.900000 29.400000
69.000000 29.200000
69.100000 29.100000
69.200000 29.000000
69.300000 28.900000
69.400000 28.800000
69.500000 28.800000
69.600000 28.700000
69.700000 28.700000
69.800000 28.600000
69.900000 28.600000
70.000000 28.500000
70.100000 28.500000
70.200000 28.400000
70.300000 28.400000
70.400000 28.300000
70.500000 28.300000
70.600000 28.300000
70.700000 28.200000
70.800000 28.200000
70.900000 28.200000
71.000000 28.100000
71.100000 28.100000
71.200000 28.100000
71.300000 28.000000
71.400000 28.000000
71.500000 28.000000
71.600000 27.900000
71.700000 27.900000
71.800000 27.900000
71.900000 27.900000
72.000000 27.800000
72.100000 27.800000
72.200000 27.800000
72.300000 27.700000
72.400000 27.700000
72.500000 27.700000
72.600000 27.600000
72.700000 27.600000
72.800000 27.600000
72.900000 27.600000
73.000000 27.500000
73.100000 27.500000
73.200000 27.500000
73.300000 27.500000
73.400000 27.400000
73.500000 27.400000
73.600000 27.400000
73.700000 27.300000
73.800000 27.300000
73.900000 27.300000
74.000000 27.200000
74.100000 27.200000
74.200000 27.100000
74.300000 27.100000
74.400000 27.000000
74.500000 27.000000
74.600000 26.900000
74.700000 26.900000
74.800000 26.800000
74.900000 26.700000
75.000000 26.700000
75.100000 26.600000
75.200000 26.600000
75.300000 26.500000
75.400000 26.400000
75.500000 26.300000
75.600000 26.300000
75.700000 26.200000
75.800000 26.100000
75.900000 26.000000
76.000000 26.000000
76.100000 25.900000
76.200000 25.800000
76.300000 25.700000
76.400000 25.600000
76.500000 25.500000
76.600000 25.400000
76.700000 25.300000
76.800000 25.200000
76.900000 25.100000
77.000000 25.000000
77.100000 24.900000
77.200000 24.800000
77.300000 24.700000
77.400000 24.600000
77.500000 24.500000
77.500000 24.400000
77.600000 24.300000
77.700000 24.200000
77.800000 24.100000
77.800000 24.000000
77.900000 23.900000
78.000000 23.800000
78.000000 23.700000
78.100000 23.600000
78.200000 23.500000
78.300000 23.400000
78.300000 23.300000
78.400000 23.200000
78.500000 23.000000
78.500000 23.100000
78.600000 22.900000
78.700000 22.800000
78.700000 22.700000
78.800000 22.500000
78.800000 22.600000
78.900000 22.300000
78.900000 22.400000
79.000000 22.200000
79.000000 22.100000
79.100000 21.900000
79.100000 22.000000
79.200000 21.800000
79.200000 21.700000
79.200000 21.600000
79.300000 21.500000
79.300000 21.400000
79.400000 21.100000
79.400000 21.300000
79.400000 21.200000
79.500000 21.000000
79.500000 20.900000
79.600000 20.600000
79.600000 20.800000
79.600000 20.700000
79.700000 20.300000
79.700000 20.500000
79.700000 20.400000
79.800000 20.100000
79.800000 20.200000
79.900000 19.800000
79.900000 19.900000
79.900000 20.000000
80.000000 19.600000
80.000000 19.700000
80.100000 19.500000
80.100000 19.300000
80.100000 19.400000
80.200000 19.100000
80.200000 19.200000
80.300000 19.000000
80.300000 18.900000
80.400000 18.800000
80.400000 18.700000
80.500000 18.500000
80.500000 18.600000
80.600000 18.400000
80.600000 18.300000
80.700000 18.200000
80.700000 18.100000
80.800000 18.000000
80.900000 17.800000
80.900000 17.900000
81.000000 17.700000
81.100000 17.600000
81.200000 17.500000
81.200000 17.400000
81.300000 17.300000
81.400000 17.200000
81.500000 17.100000
81.600000 17.000000
81.700000 16.900000
81.800000 16.800000
81.900000 16.700000
82.000000 16.600000
82.100000 16.600000
82.200000 16.500000
82.300000 16.400000
82.400000 16.300000
82.500000 16.200000
82.600000 16.100000
82.700000 16.000000
82.800000 15.900000
82.900000 15.800000
83.000000 15.700000
83.100000 15.600000
83.200000 15.500000
83.300000 15.400000
83.400000 15.300000
83.500000 15.200000
83.500000 15.100000
83.600000 15.000000
83.700000 14.900000
83.800000 14.800000
83.800000 14.700000
83.900000 14.600000
84.000000 14.400000
84.000000 14.500000
84.100000 14.200000
84.100000 14.300000
84.200000 14.100000
84.300000 14.000000
84.300000 13.900000
84.400000 13.700000
84.400000 13.800000
84.500000 13.600000
84.600000 13.500000
84.600000 13.400000
84.700000 13.300000
84.700000 13.200000
84.800000 13.000000
84.800000 13.100000
84.900000 12.900000
85.000000 12.700000
85.000000 12.800000
85.100000 12.500000
85.100000 12.600000
85.200000 12.400000
85.200000 12.300000
85.300000 12.200000
85.400000 12.000000
85.400000 12.100000
85.500000 11.900000
85.600000 11.800000
85.600000 11.700000
85.700000 11.500000
85.700000 11.600000
85.800000 11.400000
85.900000 11.300000
85.900000 11.200000
86.000000 11.100000
86.100000 11.000000
86.200000 10.900000
86.200000 10.800000
86.300000 10.700000
86.400000 10.600000
86.500000 10.500000
86.600000 10.400000
86.700000 10.300000
86.800000 10.200000
86.900000 10.000000
86.900000 10.100000
87.000000 9.900000
87.100000 9.800000
87.200000 9.600000
87.200000 9.700000
87.300000 9.500000
87.400000 9.400000
87.500000 9.200000
87.500000 9.300000
87.600000 9.100000
87.700000 8.900000
87.700000 9.000000
87.800000 8.800000
87.800000 8.700000
87.900000 8.600000
88.000000 8.500000
88.000000 8.400000
88.100000 8.300000
88.200000 8.200000
88.200000 8.100000
88.300000 8.000000
88.400000 7.800000
88.400000 7.900000
88.500000 7.700000
88.600000 7.500000
88.600000 7.600000
88.700000 7.400000
88.800000 7.300000
88.800000 7.200000
88.900000 7.100000
89.000000 7.000000
89.000000 6.900000
89.100000 6.800000
89.200000 6.600000
89.200000 6.700000
89.300000 6.500000
89.400000 6.400000
89.500000 6.300000
89.600000 6.100000
89.600000 6.200000
89.700000 6.000000
89.800000 5.900000
89.900000 5.800000
90.000000 5.700000
90.100000 5.600000
90.200000 5.500000
90.300000 5.400000
90.400000 5.300000
90.500000 5.200000
90.600000 5.100000
90.700000 5.100000
90.800000 5.000000
90.900000 4.900000
91.000000 4.900000
91.100000 4.800000
91.200000 4.700000
91.300000 4.700000
91.400000 4.600000
91.500000 4.600000
91.600000 4.600000
91.700000 4.500000
91.800000 4.500000
91.900000 4.500000
92.000000 4.400000
92.100000 4.400000
92.200000 4.400000
92.300000 4.400000
92.400000 4.400000
92.500000 4.300000
92.600000 4.300000
92.700000 4.300000
92.800000 4.300000
92.900000 4.300000
93.000000 4.300000
93.100000 4.300000
93.200000 4.300000
93.300000 4.300000
93.400000 4.400000
93.500000 4.400000
93.600000 4.400000
93.700000 4.400000
93.800000 4.400000
93.900000 4.500000
94.000000 4.500000
94.100000 4.500000
94.200000 4.600000
94.300000 4.600000
94.400000 4.600000
94.500000 4.700000
94.600000 4.700000
94.700000 4.700000
94.800000 4.800000
94.900000 4.900000
95.000000 4.900000
95.100000 5.000000
95.200000 5.000000
95.300000 5.100000
95.400000 5.200000
95.500000 5.200000
95.600000 5.300000
95.700000 5.400000
95.800000 5.500000
95.900000 5.600000
96.000000 5.700000
96.100000 5.800000
96.200000 5.900000
96.300000 6.000000
96.400000 6.100000
96.500000 6.200000
96.600000 6.300000
96.600000 6.400000
96.700000 6.500000
96.800000 6.700000
96.800000 6.600000
96.900000 6.800000
97.000000 7.000000
97.000000 6.900000
97.100000 7.100000
97.100000 7.200000
97.200000 7.300000
97.200000 7.400000
97.200000 7.500000
97.300000 7.600000
97.300000 7.700000
97.400000 7.800000
97.400000 7.900000
97.400000 8.000000
97.500000 8.200000
97.500000 8.100000
97.600000 8.400000
97.600000 8.500000
97.600000 8.300000
97.700000 8.600000
97.700000 8.700000
97.800000 8.800000
97.800000 8.900000
97.900000 9.000000
98.000000 9.100000
98.000000 9.200000
98.100000 9.300000
98.100000 9.400000
98.200000 9.500000
98.200000 9.600000
98.300000 9.700000
98.400000 9.900000
98.400000 9.800000
98.500000 10.000000
98.600000 10.100000
98.600000 10.200000
98.700000 10.300000
98.800000 10.500000
98.800000 10.400000
98.900000 10.600000
99.000000 10.800000
99.000000 10.700000
99.100000 10.900000
99.200000 11.100000
99.200000 11.000000
99.300000 11.200000
99.400000 11.300000
99.500000 11.500000
99.500000 11.400000
99.600000 11.600000
99.700000 11.700000
99.800000 11.800000
99.800000 11.900000
99.900000 12.000000
100.000000 12.100000
100.100000 12.200000
100.100000 12.300000
100.200000 12.400000
100.300000 12.500000
100.300000 12.600000
100.400000 12.700000
100.500000 12.800000
100.600000 13.000000
100.600000 12.900000
100.700000 13.100000
100.800000 13.200000
100.800000 13.300000
100.900000 13.400000
101.000000 13.600000
101.000000 13.500000
101.100000 13.700000
101.100000 13.800000
101.200000 13.900000
101.300000 14.000000
101.300000 14.100000
101.400000 14.200000
101.400000 14.300000
101.500000 14.400000
101.500000 14.500000
101.600000 14.600000
101.700000 14.800000
101.700000 14.700000
101.800000 15.000000
101.800000 14.900000
101.900000 15.100000
102.000000 15.300000
102.000000 15.200000
102.100000 15.400000
102.200000 15.600000
102.200000 15.500000
102.300000 15.700000
102.400000 15.800000
102.500000 16.000000
102.500000 15.900000
102.600000 16.100000
102.700000 16.200000
102.800000 16.400000
102.800000 16.300000
102.900000 16.500000
103.000000 16.600000
103.100000 16.700000
103.100000 16.800000
103.200000 16.900000
103.300000 17.000000
103.400000 17.200000
103.400000 17.100000
103.500000 17.300000
103.600000 17.400000
103.700000 17.500000
103.800000 17.600000
103.800000 17.700000
103.900000 17.800000
104.000000 17.900000
104.100000 18.000000
104.100000 18.100000
104.200000 18.200000
104.300000 18.300000
104.400000 18.400000
104.400000 18.500000
104.500000 18.600000
104.600000 18.700000
104.600000 18.800000
104.700000 18.900000
104.800000 19.100000
104.800000 19.000000
104.900000 19.200000
105.000000 19.300000
105.000000 19.400000
105.100000 19.600000
105.100000 19.500000
105.200000 19.800000
105.200000 19.700000
105.300000 19.900000
105.400000 20.000000
105.400000 20.100000
105.400000 20.200000
105.500000 20.300000
105.600000 20.500000
105.600000 20.400000
105.700000 20.700000
105.700000 20.600000
105.800000 20.800000
105.900000 20.900000
105.900000 21.000000
106.000000 21.200000
106.000000 21.100000
106.100000 21.300000
106.200000 21.400000
106.200000 21.500000
106.300000 21.600000
106.400000 21.700000
106.400000 21.800000
106.500000 21.900000
106.500000 22.000000
106.600000 22.100000
106.700000 22.200000
106.700000 22.300000
106.800000 22.400000
106.800000 22.500000
106.900000 22.700000
106.900000 22.600000
107.000000 22.800000
107.100000 23.000000
107.100000 22.900000
107.200000 23.100000
107.200000 23.200000
107.300000 23.300000
107.400000 23.500000
107.400000 23.400000
107.500000 23.600000
107.500000 23.700000
107.600000 23.900000
107.600000 23.800000
107.700000 24.000000
107.800000 24.200000
107.800000 24.100000
107.900000 24.400000
107.900000 24.300000
108.000000 24.500000
108.100000 24.700000
108.100000 24.600000
108.200000 24.800000
108.200000 24.900000
108.300000 25.100000
108.300000 25.000000
108.400000 25.200000
108.500000 25.400000
108.500000 25.300000
108.600000 25.500000
108.600000 25.600000
108.700000 25.700000
108.800000 25.900000
108.800000 25.800000
108.900000 26.100000
108.900000 26.000000
109.000000 26.200000
109.100000 26.400000
109.100000 26.300000
109.200000 26.500000
109.200000 26.600000
109.300000 26.700000
109.400000 26.800000
109.400000 26.900000
109.500000 27.100000
109.500000 27.000000
109.600000 27.300000
109.600000 27.200000
109.700000 27.400000
109.800000 27.500000
109.800000 27.600000
109.900000 27.700000
110.000000 27.800000
110.100000 27.900000
110.100000 28.000000
110.200000 28.100000
110.300000 28.100000
110.400000 28.200000
110.500000 28.300000
110.600000 28.400000
110.700000 28.400000
110.800000 28.500000
110.900000 28.500000
111.000000 28.600000
111.100000 28.600000
111.200000 28.700000
111.300000 28.700000
111.400000 28.700000
111.500000 28.800000
111.600000 28.800000
111.700000 28.800000
111.800000 28.800000
111.900000 28.900000
112.000000 28.900000
112.100000 28.900000
112.200000 28.900000
112.300000 28.900000
112.400000 28.900000
112.500000 28.900000
112.600000 28.900000
112.700000 28.900000
112.800000 29.000000
112.900000 29.000000
113.000000 29.000000
113.100000 29.000000
113.200000 29.000000
113.300000 29.100000
113.400000 29.100000
113.500000 29.100000
113.600000 29.100000
113.700000 29.200000
113.800000 29.200000
113.900000 29.300000
114.000000 29.300000
114.100000 29.400000
114.200000 29.500000
114.300000 29.600000
114.400000 29.700000
114.500000 29.800000
114.600000 29.900000
114.700000 29.900000
114.800000 30.000000
114.900000 30.000000
115.000000 30.000000
